NUMBER_ITEMS: 5	NUMBER_SELLERS: 6	NUMBER_BUYERS: 8	NUMBER_ROUND: 5	Penalty factor: 0.08	UP_BOUNDART: 20	SMAX: 100	

Bid decrease factor for each buyer: 0.9	0.9	0.9	0.9	0.9	0.9	0.9	0.9	
Bid increase factor for each buyer: 1.1	1.1	1.1	1.1	1.1	1.1	1.1	1.1	

Seller 0 will sell item: 0
Seller 1 will sell item: 1
Seller 2 will sell item: 1
Seller 3 will sell item: 1
Seller 4 will sell item: 3
Seller 5 will sell item: 4

**************************** Leveled Commitment Auctions ****************************
Initial bidding factors:

Buyer0:	19.8098	15.2794	7.56566	4.21064	13.4888	10.346	
Buyer1:	2.20725	14.2954	10.5913	3.80242	19.0421	3.68993	
Buyer2:	18.1972	14.165	6.75793	9.10459	2.33714	19.3656	
Buyer3:	13.9806	3.91144	17.6678	16.6119	12.0589	4.63567	
Buyer4:	4.37996	16.5267	10.03	3.9555	10.5745	14.9083	
Buyer5:	8.70623	6.31202	11.8061	13.9626	15.3612	14.7164	
Buyer6:	10.0306	3.33738	7.98837	16.8589	1.66683	10.8233	
Buyer7:	13.5967	9.09821	2.98889	19.0374	18.5063	11.4414	

The starting prices: 
seller0:	52
seller1:	14
seller2:	12
seller3:	34
seller4:	88
seller5:	96

----------------------- Round 1 -----------------------
The order of the seller in this round is:	5	4	3	1	2	0	

The biding factors:	
Buyer0:	10.346	13.4888	4.21064	15.2794	7.56566	19.8098	
Buyer1:	3.68993	19.0421	3.80242	14.2954	10.5913	2.20725	
Buyer2:	19.3656	2.33714	9.10459	14.165	6.75793	18.1972	
Buyer3:	4.63567	12.0589	16.6119	3.91144	17.6678	13.9806	
Buyer4:	14.9083	10.5745	3.9555	16.5267	10.03	4.37996	
Buyer5:	14.7164	15.3612	13.9626	6.31202	11.8061	8.70623	
Buyer6:	10.8233	1.66683	16.8589	3.33738	7.98837	10.0306	
Buyer7:	11.4414	18.5063	19.0374	9.09821	2.98889	13.5967	

The bids: 
Buyer0:	993.221	1187.02	143.162	213.912	90.7879	1030.11	
Buyer1:	354.233	1675.7	129.282	200.136	127.096	114.777	
Buyer2:	1859.1	205.668	309.556	198.309	108.628	946.257	
Buyer3:	445.024	1061.19	564.806	54.7601	212.014	726.989	
Buyer4:	1431.2	930.557	209.348	231.374	187.348	227.758	
Buyer5:	1412.77	1351.78	474.728	88.3683	141.673	452.724	
Buyer6:	1039.03	211.209	573.204	137.209	135.209	521.592	
Buyer7:	1098.37	1628.55	647.273	127.375	35.8667	707.028	


Market prices: 	1079.12	1031.46	381.42	156.43	129.828	590.904	
Winbuyers: 	6	4	2	6	1	6	
Winbuyers' orginal bids: 	1039.03	930.557	309.556	137.209	127.096	521.592	
Winbuyers' bids: 	993.221	211.209	209.348	127.375	108.628	452.724	
Winbuyers' profits: 	85.8992	820.251	172.072	85.8992	21.1996	48.5327	
Sellers' profits: 	79.4577	211.209	209.348	10.19	108.628	452.724	

The bidding factors after updated:
Buyer0:	11.3807	14.8377	4.6317	16.8074	8.32223	21.7908	
Buyer1:	4.05893	20.9463	4.18267	15.725	9.53219	2.42798	
Buyer2:	21.3022	2.57085	8.19413	15.5814	7.43372	20.017	
Buyer3:	5.09924	13.2648	18.2731	4.30258	19.4346	15.3786	
Buyer4:	16.3992	9.51706	4.35105	18.1794	11.033	4.81795	
Buyer5:	16.188	16.8973	15.3588	6.94322	12.9867	9.57685	
Buyer6:	9.74094	1.83351	18.5448	3.00364	8.78721	9.02755	
Buyer7:	12.5855	20.3569	20.9412	10.008	3.28778	14.9564	

----------------------- Round 2 -----------------------
The order of the seller in this round is:	4	2	3	5	1	0	

The biding factors:	
Buyer0:	14.8377	8.32223	4.6317	11.3807	16.8074	21.7908	
Buyer1:	20.9463	9.53219	4.18267	4.05893	15.725	2.42798	
Buyer2:	2.57085	7.43372	8.19413	21.3022	15.5814	20.017	
Buyer3:	13.2648	19.4346	18.2731	5.09924	4.30258	15.3786	
Buyer4:	9.51706	11.033	4.35105	16.3992	18.1794	4.81795	
Buyer5:	16.8973	12.9867	15.3588	16.188	6.94322	9.57685	
Buyer6:	1.83351	8.78721	18.5448	9.74094	3.00364	9.02755	
Buyer7:	20.3569	3.28778	20.9412	12.5855	10.008	14.9564	

The bids: 
Buyer0:	1305.72	99.8667	157.478	1092.54	235.303	1133.12	
Buyer1:	1843.27	114.386	142.211	389.657	220.149	126.255	
Buyer2:	226.235	89.2046	278.6	2045.01	218.14	1040.88	
Buyer3:	1167.3	233.215	621.286	489.527	60.2361	799.688	
Buyer4:	837.501	343.968	365.968	1574.32	345.968	383.968	
Buyer5:	1486.96	155.841	522.201	1554.05	97.2051	497.996	
Buyer6:	161.349	105.447	630.524	935.13	42.051	469.433	
Buyer7:	1791.41	39.4534	712	1208.21	140.112	777.731	


Market prices: 	1102.47	147.673	428.784	1161.06	169.896	653.634	
Winbuyers: 	4	1	4	0	7	5	
Winbuyers' orginal bids: 	837.501	114.386	365.968	1092.54	140.112	497.996	
Winbuyers' bids: 	226.235	105.447	278.6	935.13	97.2051	469.433	
Winbuyers' profits: 	1696.49	63.4258	952.336	225.926	72.6906	184.202	
Sellers' profits: 	229.308	214.075	487.948	1014.59	107.395	922.156	

The bidding factors after updated:
Buyer0:	16.3215	9.15445	5.09487	10.2426	18.4881	23.9699	
Buyer1:	23.0409	8.57897	4.60093	4.46482	17.2975	2.67077	
Buyer2:	2.82794	8.17709	9.01354	23.4324	17.1396	22.0187	
Buyer3:	14.5913	21.3781	20.1004	5.60916	4.73284	16.9165	
Buyer4:	8.56535	12.1363	3.91595	18.0391	19.9973	5.29975	
Buyer5:	18.587	14.2854	16.8947	17.8068	7.63755	8.61917	
Buyer6:	2.01686	9.66593	20.3993	10.715	3.30401	9.9303	
Buyer7:	22.3926	3.61656	23.0353	13.8441	9.00723	16.452	

----------------------- Round 3 -----------------------
The order of the seller in this round is:	2	0	4	3	1	5	

The biding factors:	
Buyer0:	9.15445	23.9699	16.3215	5.09487	18.4881	10.2426	
Buyer1:	8.57897	2.67077	23.0409	4.60093	17.2975	4.46482	
Buyer2:	8.17709	22.0187	2.82794	9.01354	17.1396	23.4324	
Buyer3:	21.3781	16.9165	14.5913	20.1004	4.73284	5.60916	
Buyer4:	12.1363	5.29975	8.56535	3.91595	19.9973	18.0391	
Buyer5:	14.2854	8.61917	18.587	16.8947	7.63755	17.8068	
Buyer6:	9.66593	9.9303	2.01686	20.3993	3.30401	10.715	
Buyer7:	3.61656	16.452	22.3926	23.0353	9.00723	13.8441	

The bids: 
Buyer0:	109.853	1246.43	1436.29	173.226	258.834	983.289	
Buyer1:	102.948	138.88	2027.6	156.432	242.164	428.622	
Buyer2:	98.1251	1144.97	248.858	306.46	239.954	2249.51	
Buyer3:	256.537	879.657	1284.03	683.415	66.2597	538.479	
Buyer4:	145.636	275.587	753.751	532.328	512.328	1731.75	
Buyer5:	171.425	448.197	1635.66	574.421	106.926	1709.46	
Buyer6:	115.991	516.376	177.484	693.577	46.2561	1028.64	
Buyer7:	43.3987	855.504	1970.55	783.201	126.101	1329.03	


Market prices: 	130.489	688.201	1191.78	487.882	199.853	1249.85	
Winbuyers: 	6	6	4	2	7	6	
Winbuyers' orginal bids: 	115.991	516.376	753.751	306.46	126.101	1028.64	
Winbuyers' bids: 	109.853	448.197	248.858	173.226	106.926	983.289	
Winbuyers' profits: 	69.1686	69.1686	1895.26	486.729	165.618	270.448	
Sellers' profits: 	222.863	958.012	478.166	661.174	214.321	1997.88	

The bidding factors after updated:
Buyer0:	10.0699	26.3669	17.9537	5.60436	20.3369	11.2668	
Buyer1:	9.43687	2.93785	25.345	5.06103	19.0272	4.9113	
Buyer2:	8.9948	24.2205	3.11073	8.11219	18.8536	25.7757	
Buyer3:	23.5159	18.6081	16.0504	22.1105	5.20612	6.17008	
Buyer4:	13.35	5.82972	7.70882	4.30754	21.997	19.843	
Buyer5:	15.7139	9.48108	20.4457	18.5842	8.4013	19.5875	
Buyer6:	8.69934	8.93727	2.21855	22.4393	3.63441	9.64353	
Buyer7:	3.97821	18.0972	24.6319	25.3388	8.1065	15.2285	

----------------------- Round 4 -----------------------
The order of the seller in this round is:	3	0	5	1	2	4	

The biding factors:	
Buyer0:	5.60436	26.3669	11.2668	20.3369	10.0699	17.9537	
Buyer1:	5.06103	2.93785	4.9113	19.0272	9.43687	25.345	
Buyer2:	8.11219	24.2205	25.7757	18.8536	8.9948	3.11073	
Buyer3:	22.1105	18.6081	6.17008	5.20612	23.5159	16.0504	
Buyer4:	4.30754	5.82972	19.843	21.997	13.35	7.70882	
Buyer5:	18.5842	9.48108	19.5875	8.4013	15.7139	20.4457	
Buyer6:	22.4393	8.93727	9.64353	3.63441	8.69934	2.21855	
Buyer7:	25.3388	18.0972	15.2285	8.1065	3.97821	24.6319	

The bids: 
Buyer0:	190.548	1371.08	1081.62	368.029	366.029	1579.92	
Buyer1:	172.075	152.768	471.485	266.381	113.242	2230.36	
Buyer2:	275.814	1259.47	2474.46	263.95	232.372	308.372	
Buyer3:	751.756	967.622	592.327	72.8857	282.191	1412.44	
Buyer4:	146.456	303.145	1904.93	307.958	160.2	678.376	
Buyer5:	631.863	493.016	1880.4	304.536	302.536	1799.23	
Buyer6:	762.935	464.738	925.779	50.8817	104.392	195.232	
Buyer7:	861.521	941.055	1461.93	113.491	126.102	2167.61	


Market prices: 	474.121	744.111	1349.12	218.514	210.883	1296.44	
Winbuyers: 	2	5	0	7	4	4	
Winbuyers' orginal bids: 	275.814	493.016	1081.62	113.491	160.2	678.376	
Winbuyers' bids: 	190.548	464.738	925.779	72.8857	126.102	308.372	
Winbuyers' profits: 	770.301	463.575	649.264	311.246	1980.04	2873.24	
Sellers' profits: 	851.722	1422.75	2923.66	287.206	232.951	786.538	

The bidding factors after updated:
Buyer0:	6.1648	29.0035	10.1402	22.3706	11.0769	19.749	
Buyer1:	5.56713	3.23164	5.40243	20.9299	10.3806	27.8795	
Buyer2:	7.30097	26.6426	28.3532	20.7389	9.89428	3.4218	
Buyer3:	24.3215	20.4689	6.78708	5.72673	25.8675	17.6555	
Buyer4:	4.7383	6.41269	21.8273	24.1967	12.015	6.93794	
Buyer5:	20.4426	8.53297	21.5463	9.24143	17.2853	22.4903	
Buyer6:	24.6832	9.831	10.6079	3.99785	9.56927	2.4404	
Buyer7:	27.8727	19.9069	16.7513	7.29585	4.37604	27.0951	

----------------------- Round 5 -----------------------
The order of the seller in this round is:	0	3	5	2	1	4	

The biding factors:	
Buyer0:	29.0035	6.1648	10.1402	11.0769	22.3706	19.749	
Buyer1:	3.23164	5.56713	5.40243	10.3806	20.9299	27.8795	
Buyer2:	26.6426	7.30097	28.3532	9.89428	20.7389	3.4218	
Buyer3:	20.4689	24.3215	6.78708	25.8675	5.72673	17.6555	
Buyer4:	6.41269	4.7383	21.8273	12.015	24.1967	6.93794	
Buyer5:	8.53297	20.4426	21.5463	17.2853	9.24143	22.4903	
Buyer6:	9.831	24.6832	10.6079	9.56927	3.99785	2.4404	
Buyer7:	19.9069	27.8727	16.7513	4.37604	7.29585	27.0951	

The bids: 
Buyer0:	1508.18	209.603	973.456	132.923	313.189	1737.91	
Buyer1:	168.045	189.282	518.633	124.567	293.019	2453.4	
Buyer2:	1385.41	248.233	2721.91	298.263	300.263	374.263	
Buyer3:	1064.38	826.932	651.56	310.41	80.1743	1553.68	
Buyer4:	333.46	161.102	2095.42	144.18	338.754	610.538	
Buyer5:	443.715	695.049	2068.44	207.424	129.38	1979.15	
Buyer6:	511.212	839.228	1018.36	532.1	534.1	608.1	
Buyer7:	1035.16	947.673	1608.13	52.5124	102.142	2384.37	


Market prices: 	806.197	514.638	1456.99	225.297	261.378	1462.68	
Winbuyers: 	6	2	6	5	5	4	
Winbuyers' orginal bids: 	511.212	248.233	1018.36	207.424	129.38	610.538	
Winbuyers' bids: 	443.715	209.603	973.456	144.18	102.142	608.1	
Winbuyers' profits: 	632.931	1075.34	718.484	544.692	611.276	3727.81	
Sellers' profits: 	1458.25	1061.33	3897.11	244.486	389.348	1394.64	

The bidding factors after updated:
Buyer0:	31.9039	6.78128	11.1542	12.1846	24.6077	21.7239	
Buyer1:	3.5548	6.12384	5.94267	11.4186	23.0229	30.6675	
Buyer2:	29.3068	6.57087	31.1886	10.8837	22.8128	3.76398	
Buyer3:	22.5158	26.7537	7.46579	28.4542	6.29941	19.421	
Buyer4:	7.05396	5.21213	24.01	13.2165	26.6164	6.24414	
Buyer5:	9.38627	22.4869	23.7009	15.5568	8.31729	24.7393	
Buyer6:	8.8479	27.1515	9.5471	10.5262	4.39764	2.68445	
Buyer7:	21.8976	30.66	18.4265	4.81364	8.02544	29.8046	


*************************** Final Results ***************************

All Sellers' profits: 	1458.25	389.348	244.486	1061.33	1394.64	3897.11	
All buyers' profits: 	649.264	63.4258	1075.34	0	3727.81	611.276	718.484	311.246	