NUMBER_ITEMS: 5	NUMBER_SELLERS: 6	NUMBER_BUYERS: 8	NUMBER_ROUND: 5	Penalty factor: 0.08	UP_BOUNDART: 20	SMAX: 100	

Bid decrease factor for each buyer: 0.9	0.9	0.9	0.9	0.9	0.9	0.9	0.9	
Bid increase factor for each buyer: 1.1	1.1	1.1	1.1	1.1	1.1	1.1	1.1	

Seller 0 will sell item: 1
Seller 1 will sell item: 2
Seller 2 will sell item: 4
Seller 3 will sell item: 0
Seller 4 will sell item: 4
Seller 5 will sell item: 4

**************************** Pure Auctions ****************************
Initial bidding factors:

Buyer0:	7.65554	18.0233	16.634	15.1855	4.30805	17.3199	
Buyer1:	14.4995	10.7572	6.7759	1.28471	2.73666	7.92459	
Buyer2:	3.79894	4.15207	19.782	9.46815	3.26258	1.08872	
Buyer3:	1.16932	8.17972	11.1016	11.8525	12.4335	12.5361	
Buyer4:	4.15845	13.5979	9.56499	7.69033	2.08374	12.546	
Buyer5:	15.8831	16.2495	10.8778	6.73705	17.6435	14.8068	
Buyer6:	19.1621	18.5886	11.2477	3.70443	9.77953	5.47124	
Buyer7:	17.3825	4.98242	15.8135	17.0294	19.9391	19.9942	

The starting prices: 
seller0:	40
seller1:	89
seller2:	12
seller3:	40
seller4:	8
seller5:	86

----------------------- Round 1 -----------------------
The order of the seller in this round is:	5	0	4	2	3	1	

The biding factors:	
Buyer0:	17.3199	7.65554	4.30805	16.634	15.1855	18.0233	
Buyer1:	7.92459	14.4995	2.73666	6.7759	1.28471	10.7572	
Buyer2:	1.08872	3.79894	3.26258	19.782	9.46815	4.15207	
Buyer3:	12.5361	1.16932	12.4335	11.1016	11.8525	8.17972	
Buyer4:	12.546	4.15845	2.08374	9.56499	7.69033	13.5979	
Buyer5:	14.8068	15.8831	17.6435	10.8778	6.73705	16.2495	
Buyer6:	5.47124	19.1621	9.77953	11.2477	3.70443	18.5886	
Buyer7:	19.9942	17.3825	19.9391	15.8135	17.0294	4.98242	

The bids: 
Buyer0:	1489.51	306.222	34.4644	199.608	607.42	1604.07	
Buyer1:	681.515	579.981	21.8932	81.3108	51.3883	957.388	
Buyer2:	93.6297	151.958	26.1007	237.384	378.726	369.535	
Buyer3:	1078.11	46.7727	99.4681	133.219	474.1	727.995	
Buyer4:	1078.96	166.338	16.6699	114.78	307.613	1210.21	
Buyer5:	1273.39	635.322	141.148	130.533	269.482	1446.21	
Buyer6:	470.526	766.485	78.2363	134.973	148.177	1654.39	
Buyer7:	1719.5	695.302	159.513	189.762	681.177	443.435	


Market prices: 	985.642	395.486	86.856	161.136	409.25	1033.28	
Winbuyers: 	1	0	6	3	2	7	
Winbuyers' orginal bids: 	681.515	306.222	78.2363	133.219	378.726	443.435	
Winbuyers' bids: 	470.526	166.338	26.1007	130.533	307.613	443.435	
Winbuyers' profits: 	515.116	229.147	60.7553	30.6023	101.636	589.849	
Sellers' profits: 	470.526	166.338	26.1007	130.533	307.613	443.435	

The bidding factors after updated:
Buyer0:	19.0519	6.88998	4.73886	18.2974	16.704	19.8256	
Buyer1:	7.13213	15.9495	3.01032	7.45349	1.41318	11.8329	
Buyer2:	1.19759	4.17884	3.58884	21.7602	8.52134	4.56728	
Buyer3:	13.7898	1.28625	13.6769	9.99144	13.0378	8.9977	
Buyer4:	13.8006	4.5743	2.29212	10.5215	8.45936	14.9576	
Buyer5:	16.2875	17.4714	19.4078	11.9656	7.41076	17.8745	
Buyer6:	6.01836	21.0783	8.80158	12.3725	4.07487	20.4475	
Buyer7:	21.9936	19.1208	21.933	17.3948	18.7324	4.48418	

----------------------- Round 2 -----------------------
The order of the seller in this round is:	1	2	3	0	5	4	

The biding factors:	
Buyer0:	19.8256	18.2974	16.704	6.88998	19.0519	4.73886	
Buyer1:	11.8329	7.45349	1.41318	15.9495	7.13213	3.01032	
Buyer2:	4.56728	21.7602	8.52134	4.17884	1.19759	3.58884	
Buyer3:	8.9977	9.99144	13.0378	1.28625	13.7898	13.6769	
Buyer4:	14.9576	10.5215	8.45936	4.5743	13.8006	2.29212	
Buyer5:	17.8745	11.9656	7.41076	17.4714	16.2875	19.4078	
Buyer6:	20.4475	12.3725	4.07487	21.0783	6.01836	8.80158	
Buyer7:	4.48418	17.3948	18.7324	19.1208	21.9936	21.933	

The bids: 
Buyer0:	1764.48	219.568	668.162	275.599	1638.46	37.9109	
Buyer1:	1053.13	89.4419	56.5271	637.979	613.363	24.0826	
Buyer2:	406.488	261.122	340.854	167.154	102.993	28.7107	
Buyer3:	800.795	119.897	521.51	51.4499	1185.92	109.415	
Buyer4:	1331.23	126.258	338.374	182.972	1186.85	18.3369	
Buyer5:	1590.83	143.587	296.43	698.854	1400.73	155.263	
Buyer6:	1819.83	148.47	162.995	843.133	517.579	70.4126	
Buyer7:	399.092	208.738	749.294	764.832	1891.45	175.464	


Market prices: 	1145.73	175.377	485.771	394.742	1416.24	101.072	
Winbuyers: 	1	6	2	0	5	4	
Winbuyers' orginal bids: 	1053.13	148.47	340.854	275.599	1400.73	18.3369	
Winbuyers' bids: 	800.795	143.587	338.374	182.972	1186.85	18.3369	
Winbuyers' profits: 	860.055	92.5458	249.033	440.917	229.386	82.7351	
Sellers' profits: 	1244.23	274.12	645.988	349.31	1657.38	44.4376	

The bidding factors after updated:
Buyer0:	21.8082	20.1271	18.3744	6.20099	20.9571	5.21275	
Buyer1:	10.6496	8.19884	1.5545	17.5444	7.84534	3.31135	
Buyer2:	5.02401	23.9362	7.6692	4.59672	1.31735	3.94772	
Buyer3:	9.89747	10.9906	14.3415	1.41487	15.1687	15.0446	
Buyer4:	16.4534	11.5736	9.3053	5.03173	15.1807	2.06291	
Buyer5:	19.6619	13.1621	8.15183	19.2185	14.6588	21.3486	
Buyer6:	22.4923	11.1352	4.48236	23.1862	6.6202	9.68174	
Buyer7:	4.9326	19.1343	20.6056	21.0329	24.193	24.1263	

----------------------- Round 3 -----------------------
The order of the seller in this round is:	2	0	3	1	5	4	

The biding factors:	
Buyer0:	20.1271	6.20099	18.3744	21.8082	20.9571	5.21275	
Buyer1:	8.19884	17.5444	1.5545	10.6496	7.84534	3.31135	
Buyer2:	23.9362	4.59672	7.6692	5.02401	1.31735	3.94772	
Buyer3:	10.9906	1.41487	14.3415	9.89747	15.1687	15.0446	
Buyer4:	11.5736	5.03173	9.3053	16.4534	15.1807	2.06291	
Buyer5:	13.1621	19.2185	8.15183	19.6619	14.6588	21.3486	
Buyer6:	11.1352	23.1862	4.48236	22.4923	6.6202	9.68174	
Buyer7:	19.1343	21.0329	20.6056	4.9326	24.193	24.1263	

The bids: 
Buyer0:	241.525	248.039	734.978	1940.93	1802.31	41.702	
Buyer1:	98.3861	701.777	62.1798	947.814	674.699	26.4908	
Buyer2:	287.234	183.869	306.768	447.137	113.292	31.5818	
Buyer3:	131.887	56.5949	573.661	880.874	1304.51	120.356	
Buyer4:	138.884	201.269	372.212	1464.35	1305.54	16.5032	
Buyer5:	157.945	768.74	326.073	1749.91	1260.66	170.789	
Buyer6:	133.623	927.446	179.294	2001.81	569.337	77.4539	
Buyer7:	229.612	841.315	824.224	439.001	2080.6	193.011	


Market prices: 	177.387	451.473	386.39	943.327	859.481	100.682	
Winbuyers: 	5	0	4	3	1	6	
Winbuyers' orginal bids: 	157.945	248.039	372.212	880.874	674.699	77.4539	
Winbuyers' bids: 	138.884	201.269	306.768	447.137	569.337	31.5818	
Winbuyers' profits: 	267.889	691.121	162.357	526.793	1150.2	161.646	
Sellers' profits: 	413.004	550.579	952.756	1691.37	2226.72	76.0194	

The bidding factors after updated:
Buyer0:	22.1398	5.58089	20.2119	23.989	23.0528	5.73402	
Buyer1:	9.01873	19.2989	1.70995	11.7146	7.06081	3.64249	
Buyer2:	26.3298	5.05639	8.43613	5.52641	1.44908	4.3425	
Buyer3:	12.0896	1.55636	15.7757	8.90772	16.6856	16.549	
Buyer4:	12.731	5.5349	8.37477	18.0987	16.6987	2.2692	
Buyer5:	11.8459	21.1403	8.96702	21.6281	16.1247	23.4835	
Buyer6:	12.2488	25.5048	4.93059	24.7415	7.28222	8.71357	
Buyer7:	21.0477	23.1362	22.6662	5.42586	26.6123	26.539	

----------------------- Round 4 -----------------------
The order of the seller in this round is:	2	3	5	4	0	1	

The biding factors:	
Buyer0:	22.1398	20.2119	23.0528	5.73402	5.58089	23.989	
Buyer1:	9.01873	1.70995	7.06081	3.64249	19.2989	11.7146	
Buyer2:	26.3298	8.43613	1.44908	4.3425	5.05639	5.52641	
Buyer3:	12.0896	15.7757	16.6856	16.549	1.55636	8.90772	
Buyer4:	12.731	8.37477	16.6987	2.2692	5.5349	18.0987	
Buyer5:	11.8459	8.96702	16.1247	23.4835	21.1403	21.6281	
Buyer6:	12.2488	4.93059	7.28222	8.71357	25.5048	24.7415	
Buyer7:	21.0477	22.6662	26.6123	26.539	23.1362	5.42586	

The bids: 
Buyer0:	265.678	808.476	1982.54	45.8722	223.235	2135.02	
Buyer1:	108.225	68.3978	607.23	29.1399	771.955	1042.6	
Buyer2:	315.958	337.445	124.621	34.74	202.256	491.851	
Buyer3:	145.076	631.027	1434.96	132.392	62.2544	792.787	
Buyer4:	152.772	334.991	1436.09	18.1536	221.396	1610.79	
Buyer5:	142.151	358.681	1386.72	187.868	845.614	1924.9	
Buyer6:	146.985	197.224	626.271	69.7085	1020.19	2201.99	
Buyer7:	252.573	906.646	2288.66	212.312	925.447	482.901	


Market prices: 	191.177	472.557	1177.38	90.8912	490.478	772.761	
Winbuyers: 	4	5	6	0	2	7	
Winbuyers' orginal bids: 	152.772	358.681	626.271	45.8722	202.256	482.901	
Winbuyers' bids: 	146.985	337.445	607.23	34.74	62.2544	482.901	
Winbuyers' profits: 	206.549	403.001	731.797	747.272	677.256	879.708	
Sellers' profits: 	559.989	1290.2	2833.94	110.759	612.833	2174.27	

The bidding factors after updated:
Buyer0:	24.3538	22.2331	25.3581	5.16062	6.13898	26.3879	
Buyer1:	9.9206	1.88094	7.76689	4.00674	21.2288	12.886	
Buyer2:	28.9628	9.27974	1.59399	4.77675	4.55076	6.07905	
Buyer3:	13.2986	17.3533	18.3542	18.2039	1.712	9.79849	
Buyer4:	11.4579	9.21224	18.3686	2.49612	6.08839	19.9086	
Buyer5:	13.0305	8.07032	17.7371	25.8318	23.2544	23.7909	
Buyer6:	13.4736	5.42365	6.55399	9.58492	28.0553	27.2156	
Buyer7:	23.1525	24.9328	29.2735	29.1929	25.4498	4.88327	

----------------------- Round 5 -----------------------
The order of the seller in this round is:	5	1	2	0	4	3	

The biding factors:	
Buyer0:	25.3581	26.3879	24.3538	6.13898	5.16062	22.2331	
Buyer1:	7.76689	12.886	9.9206	21.2288	4.00674	1.88094	
Buyer2:	1.59399	6.07905	28.9628	4.55076	4.77675	9.27974	
Buyer3:	18.3542	9.79849	13.2986	1.712	18.2039	17.3533	
Buyer4:	18.3686	19.9086	11.4579	6.08839	2.49612	9.21224	
Buyer5:	17.7371	23.7909	13.0305	23.2544	25.8318	8.07032	
Buyer6:	6.55399	27.2156	13.4736	28.0553	9.58492	5.42365	
Buyer7:	29.2735	4.88327	23.1525	25.4498	29.1929	24.9328	

The bids: 
Buyer0:	2180.8	2348.52	292.245	245.559	41.2849	889.323	
Buyer1:	667.952	1146.85	119.047	849.15	32.0539	75.2376	
Buyer2:	137.083	541.036	347.553	182.03	38.214	371.19	
Buyer3:	1578.46	872.066	159.583	68.4799	145.631	694.13	
Buyer4:	1579.7	1771.87	137.495	243.536	19.9689	368.49	
Buyer5:	1525.39	2117.39	156.366	930.175	206.655	322.813	
Buyer6:	563.643	2422.19	161.684	1122.21	76.6794	216.946	
Buyer7:	2517.52	434.611	277.83	1017.99	233.543	997.311	


Market prices: 	1343.82	1501.1	228.862	523.858	124.595	562.871	
Winbuyers: 	1	3	6	0	2	4	
Winbuyers' orginal bids: 	667.952	872.066	161.684	245.559	38.214	368.49	
Winbuyers' bids: 	563.643	541.036	156.366	243.536	19.9689	322.813	
Winbuyers' profits: 	1930.37	1486.86	804.293	1027.59	781.882	446.607	
Sellers' profits: 	3397.59	2715.3	716.355	856.369	130.728	1613.01	

The bidding factors after updated:
Buyer0:	27.8939	29.0267	26.7892	5.52508	5.67668	24.4564	
Buyer1:	6.9902	14.1746	10.9127	23.3516	4.40741	2.06903	
Buyer2:	1.75339	6.68696	31.8591	5.00583	4.29907	10.2077	
Buyer3:	20.1896	8.81864	14.6285	1.8832	20.0243	19.0886	
Buyer4:	20.2055	21.8995	12.6037	6.69723	2.74573	8.29102	
Buyer5:	19.5108	26.17	14.3335	25.5798	28.415	8.87735	
Buyer6:	7.20939	29.9372	12.1263	30.8608	10.5434	5.96602	
Buyer7:	32.2009	5.3716	25.4678	27.9948	32.1121	27.4261	


*************************** Final Results ***************************

All Sellers' profits: 	856.369	2715.3	716.355	1613.01	130.728	3397.59	
All buyers' profits: 	1027.59	1930.37	781.882	1486.86	446.607	403.001	804.293	879.708	
